603699
598479
599581
599753
604941
602888
601752
600497
593491
592200
593148
580256
577992
584755
579069
573683
578313
575944
563638
565346
566325
561075
568028
558668
556868
557155
555866
554112
547461
541761
547684
541008
541609
533788
539701
533998
526940
526083
525811
522411
518484
525821
520081
525178
513404
516019
499757
501563
499947
490011
490841
491016
494875
488396
483020
479419
469509
466725
469428
467701
473671
465639
459926
463224
445466
447390
441029
444488
443023
438784
430734
431031
430579
430162
434705
429005
427980
426167
422760
421295
416381
417421
408901
409562
409527
405352
400192
398805
397885
396563
399939
394330
398231
396334
390873
391333
388945
388979
386698
386054
383968
384424
385024
380706
379682
375191
376959
372495
368736
371724
364666
357376
363661
360802
354732
361317
358275
356246
355561
357643
352738
352407
353330
349659
347422
341911
338318
336054
327589
332216
329304
320598
321552
311183
306675
309305
301913
301006
296521
297801
293452
293816
288862
289829
284092
286479
285592
283128
278929
273790
275250
268575
264951
262215
265213
262502
259192
258980
254660
259046
259573
253990
255837
255254
251153
250639
248303
248416
241183
242420
244519
241106
242765
237507
235525
236826
232123
231255
225654
227341
228518
221618
221275
223120
219250
217204
214852
208970
207670
202487
201153
193673
191131
186850
182236
182489
177171
176995
173842
170572
168808
167158
166522
160758
158787
158959
155552
154447
155432
155269
155347
149595
148857
146316
145417
144365
144010
138623
139215
139327
137642
135534
132433
134094
126380
127091
124554
122990
119979
118213
118630
119119
114970
114022
113498
113130
112929
112181
108202
106189
105799
106255
101868
99456
99668
98319
96108
78984
76916
75362
75965
74751
73028
70834
67044
66477
67789
65722
65204
60610
60330
62161
62976
59783
55791
57452
46583
46022
45586
43212
42124
36951
35390
34244
33327
32595
28654
28140
27301
24051
23194
22421
21586
19673
18217
18154
17456
16744
14716
13380
12271
11357
10217
7458
6584
2874
3045
560
89
